
Round: 0
00000000
00000000
00000000
00000000
00000000
00000000
00000000
00000000

Valid moves for 1:
3, 3
3, 4
4, 3
4, 4

Player 1: 4, 4

After move by Player 1
00000000
00000000
00000000
00001000
00000000
00000000
00000000
00000000


Round: 1
00000000
00000000
00000000
00001000
00000000
00000000
00000000
00000000

Valid moves for 2:
3, 3
3, 4
4, 3

Player 2: 4, 3

After move by Player 2
00000000
00000000
00000000
00021000
00000000
00000000
00000000
00000000


Round: 2
00000000
00000000
00000000
00021000
00000000
00000000
00000000
00000000

Valid moves for 1:
3, 3
3, 4

Player 1: 3, 3

After move by Player 1
00000000
00000000
00000000
00021000
00010000
00000000
00000000
00000000


Round: 3
00000000
00000000
00000000
00021000
00010000
00000000
00000000
00000000

Valid moves for 2:
3, 4

Player 2: 3, 4

After move by Player 2
00000000
00000000
00000000
00021000
00012000
00000000
00000000
00000000


Round: 4
00000000
00000000
00000000
00021000
00012000
00000000
00000000
00000000

Valid moves for 1:
2, 4
3, 5
4, 2
5, 3

Player 1: 3, 5

After move by Player 1
00000000
00000000
00000000
00021000
00011100
00000000
00000000
00000000


Round: 5
00000000
00000000
00000000
00021000
00011100
00000000
00000000
00000000

Valid moves for 2:
2, 3
2, 5
4, 5

Player 2: 2, 3

After move by Player 2
00000000
00000000
00000000
00021000
00021100
00020000
00000000
00000000


Round: 6
00000000
00000000
00000000
00021000
00021100
00020000
00000000
00000000

Valid moves for 1:
1, 2
2, 2
3, 2
4, 2
5, 2

Player 1: 5, 2

After move by Player 1
00000000
00000000
00100000
00011000
00021100
00020000
00000000
00000000


Round: 7
00000000
00000000
00100000
00011000
00021100
00020000
00000000
00000000

Valid moves for 2:
3, 6
4, 5
5, 3
5, 5

Player 2: 5, 3

After move by Player 2
00000000
00000000
00120000
00021000
00021100
00020000
00000000
00000000


Round: 8
00000000
00000000
00120000
00021000
00021100
00020000
00000000
00000000

Valid moves for 1:
1, 2
2, 2
3, 2
4, 2
5, 4
6, 2

Player 1: 6, 2

After move by Player 1
00000000
00100000
00110000
00021000
00021100
00020000
00000000
00000000


Round: 9
00000000
00100000
00110000
00021000
00021100
00020000
00000000
00000000

Valid moves for 2:
2, 5
3, 6
4, 5
5, 5
6, 1
6, 3

Player 2: 6, 3

After move by Player 2
00000000
00120000
00120000
00021000
00021100
00020000
00000000
00000000


Round: 10
00000000
00120000
00120000
00021000
00021100
00020000
00000000
00000000

Valid moves for 1:
1, 2
2, 2
3, 2
4, 2
5, 4
6, 4
7, 4

Player 1: 6, 4

After move by Player 1
00000000
00111000
00120000
00021000
00021100
00020000
00000000
00000000


Round: 11
00000000
00111000
00120000
00021000
00021100
00020000
00000000
00000000

Valid moves for 2:
2, 5
2, 6
3, 6
4, 5
5, 1
5, 5
6, 1
7, 1
7, 3
7, 5

Player 2: 4, 5

After move by Player 2
00000000
00111000
00120000
00022200
00022100
00020000
00000000
00000000


Round: 12
00000000
00111000
00120000
00022200
00022100
00020000
00000000
00000000

Valid moves for 1:
1, 3
2, 5
3, 2
4, 2
5, 4
5, 5

Player 1: 5, 4

After move by Player 1
00000000
00111000
00111000
00022200
00022100
00020000
00000000
00000000


Round: 13
00000000
00111000
00111000
00022200
00022100
00020000
00000000
00000000

Valid moves for 2:
2, 5
2, 6
3, 6
6, 1
6, 5
7, 1
7, 2
7, 3
7, 4

Player 2: 6, 5

After move by Player 2
00000000
00111200
00112000
00022200
00022100
00020000
00000000
00000000


Round: 14
00000000
00111200
00112000
00022200
00022100
00020000
00000000
00000000

Valid moves for 1:
1, 3
2, 4
2, 5
3, 2
3, 6
5, 5
6, 6

Player 1: 6, 6

After move by Player 1
00000000
00111110
00112000
00022200
00022100
00020000
00000000
00000000


Round: 15
00000000
00111110
00112000
00022200
00022100
00020000
00000000
00000000

Valid moves for 2:
2, 5
2, 6
3, 6
5, 1
6, 1
7, 1
7, 2
7, 3
7, 4
7, 6

Player 2: 7, 4

After move by Player 2
00002000
00112110
00112000
00022200
00022100
00020000
00000000
00000000


Round: 16
00002000
00112110
00112000
00022200
00022100
00020000
00000000
00000000

Valid moves for 1:
1, 3
2, 5
3, 2
3, 6
5, 5
7, 5

Player 1: 2, 5

After move by Player 1
00002000
00112110
00112000
00012200
00021100
00020100
00000000
00000000


Round: 17
00002000
00112110
00112000
00012200
00021100
00020100
00000000
00000000

Valid moves for 2:
1, 5
2, 4
2, 6
3, 2
3, 6
4, 1
4, 2
5, 1
5, 6
6, 1
6, 7
7, 1
7, 2
7, 3
7, 6

Player 2: 3, 2

After move by Player 2
00002000
00112110
00112000
00022200
00221100
00020100
00000000
00000000


Round: 18
00002000
00112110
00112000
00022200
00221100
00020100
00000000
00000000

Valid moves for 1:
1, 2
1, 3
2, 1
3, 1
3, 6
5, 5
5, 6
7, 5

Player 1: 1, 2

After move by Player 1
00002000
00112110
00112000
00022200
00221100
00010100
00100000
00000000


Round: 19
00002000
00112110
00112000
00022200
00221100
00010100
00100000
00000000

Valid moves for 2:
0, 1
1, 3
1, 4
1, 5
1, 6
2, 4
2, 6
3, 6
4, 1
4, 2
5, 1
5, 6
6, 1
6, 7
7, 1
7, 2
7, 3
7, 6

Player 2: 2, 4

After move by Player 2
00002000
00112110
00112000
00022200
00222100
00012100
00100000
00000000


Round: 20
00002000
00112110
00112000
00022200
00222100
00012100
00100000
00000000

Valid moves for 1:
1, 3
2, 1
3, 1
3, 6
4, 1
5, 5
5, 6
7, 5

Player 1: 2, 1

After move by Player 1
00002000
00112110
00111000
00012200
00122100
01012100
00100000
00000000


Round: 21
00002000
00112110
00111000
00012200
00122100
01012100
00100000
00000000

Valid moves for 2:
0, 1
1, 3
1, 5
1, 6
2, 2
2, 6
3, 1
3, 6
4, 1
4, 2
4, 6
5, 6
6, 1
6, 7
7, 1
7, 2
7, 3

Player 2: 7, 3

After move by Player 2
00022000
00122110
00121000
00022200
00122100
01012100
00100000
00000000


Round: 22
00022000
00122110
00121000
00022200
00122100
01012100
00100000
00000000

Valid moves for 1:
1, 3
1, 4
3, 6
5, 5
5, 6
7, 2

Player 1: 7, 2

After move by Player 1
00122000
00112110
00121000
00022200
00122100
01012100
00100000
00000000


Round: 23
00122000
00112110
00121000
00022200
00122100
01012100
00100000
00000000

Valid moves for 2:
0, 1
1, 0
1, 3
1, 5
1, 6
2, 2
2, 6
3, 1
3, 6
4, 1
4, 6
5, 1
5, 5
5, 6
6, 1
6, 7
7, 1
7, 6

Player 2: 5, 5

After move by Player 2
00122000
00112110
00122200
00022200
00122100
01012100
00100000
00000000


Round: 24
00122000
00112110
00122200
00022200
00122100
01012100
00100000
00000000

Valid moves for 1:
1, 3
2, 2
3, 6
5, 6
7, 5

Player 1: 5, 6

After move by Player 1
00122000
00112110
00111110
00022100
00121100
01012100
00100000
00000000


Round: 25
00122000
00112110
00111110
00022100
00121100
01012100
00100000
00000000

Valid moves for 2:
1, 0
1, 3
1, 6
2, 2
2, 6
3, 1
3, 6
4, 1
4, 2
4, 6
4, 7
5, 1
6, 1
6, 7
7, 1
7, 6
7, 7

Player 2: 7, 7

After move by Player 2
00122002
00112120
00111210
00022100
00121100
01012100
00100000
00000000


Round: 26
00122002
00112120
00111210
00022100
00121100
01012100
00100000
00000000

Valid moves for 1:
1, 3
1, 4
4, 2
6, 7
7, 5
7, 6

Player 1: 1, 3

After move by Player 1
00122002
00112120
00111210
00022100
00121100
01011100
00110000
00000000


Round: 27
00122002
00112120
00111210
00022100
00121100
01011100
00110000
00000000

Valid moves for 2:
0, 3
1, 0
1, 4
1, 5
1, 6
2, 6
3, 1
3, 6
4, 1
4, 2
4, 6
4, 7
5, 1
5, 7
6, 1
7, 1
7, 5
7, 6

Player 2: 7, 1

After move by Player 2
02222002
00212120
00121210
00022100
00121100
01011100
00110000
00000000


Round: 28
02222002
00212120
00121210
00022100
00121100
01011100
00110000
00000000

Valid moves for 1:
4, 2
6, 1
6, 7
7, 6

Player 1: 4, 2

After move by Player 1
02222002
00212120
00121210
00111100
00111100
01011100
00110000
00000000


Round: 29
02222002
00212120
00121210
00111100
00111100
01011100
00110000
00000000

Valid moves for 2:
0, 3
1, 4
1, 5
2, 2
2, 6
3, 1
3, 6
4, 1
4, 6
4, 7
5, 1
5, 7
7, 5

Player 2: 3, 1

After move by Player 2
02222002
00212120
00121210
00211100
02111100
01011100
00110000
00000000


Round: 30
02222002
00212120
00121210
00211100
02111100
01011100
00110000
00000000

Valid moves for 1:
3, 0
4, 1
5, 1
6, 1
6, 7
7, 6

Player 1: 6, 1

After move by Player 1
02222002
01112120
00121210
00211100
02111100
01011100
00110000
00000000


Round: 31
02222002
01112120
00121210
00211100
02111100
01011100
00110000
00000000

Valid moves for 2:
0, 3
1, 1
1, 4
1, 5
2, 2
2, 6
3, 6
4, 1
4, 6
4, 7
5, 0
5, 1
5, 7
6, 0
7, 5

Player 2: 1, 4

After move by Player 2
02222002
01112120
00122210
00212100
02112100
01012100
00112000
00000000


Round: 32
02222002
01112120
00122210
00212100
02112100
01012100
00112000
00000000

Valid moves for 1:
0, 3
0, 5
1, 5
3, 0
4, 1
5, 1
6, 7
7, 6

Player 1: 3, 0

After move by Player 1
02222002
01112120
00122210
00212100
11112100
01012100
00112000
00000000


Round: 33
02222002
01112120
00122210
00212100
11112100
01012100
00112000
00000000

Valid moves for 2:
0, 1
0, 2
0, 3
1, 0
1, 1
1, 5
1, 6
2, 0
2, 2
2, 6
3, 6
4, 1
4, 6
4, 7
5, 0
5, 1
5, 7
6, 0
6, 7
7, 0
7, 5
7, 6

Player 2: 7, 0

After move by Player 2
22222002
02112120
00222210
00222100
11112100
01012100
00112000
00000000


Round: 34
22222002
02112120
00222210
00222100
11112100
01012100
00112000
00000000

Valid moves for 1:
0, 3
0, 5
1, 5
4, 1
5, 1
6, 0
6, 7
7, 5
7, 6

Player 1: 7, 6

After move by Player 1
22222012
02112110
00222210
00222100
11112100
01012100
00112000
00000000


Round: 35
22222012
02112110
00222210
00222100
11112100
01012100
00112000
00000000

Valid moves for 2:
0, 1
0, 2
0, 3
1, 0
1, 1
1, 5
1, 6
2, 0
2, 2
2, 6
3, 6
4, 1
4, 6
4, 7
5, 1
5, 7
6, 7
7, 5

Player 2: 7, 5

After move by Player 2
22222222
02112210
00222210
00222100
11112100
01012100
00112000
00000000


Round: 36
22222222
02112210
00222210
00222100
11112100
01012100
00112000
00000000

Valid moves for 1:
0, 3
0, 5
1, 5
4, 1
5, 1
6, 0

Player 1: 4, 1

After move by Player 1
22222222
02112210
00122210
01111100
11112100
01012100
00112000
00000000


Round: 37
22222222
02112210
00122210
01111100
11112100
01012100
00112000
00000000

Valid moves for 2:
0, 1
0, 2
0, 3
1, 0
1, 1
1, 5
1, 6
2, 0
2, 2
2, 6
3, 6
4, 6
4, 7
5, 0
5, 1
5, 7
6, 7

Player 2: 2, 2

After move by Player 2
22222222
02212210
00222210
01212100
11222100
01222100
00112000
00000000


Round: 38
22222222
02212210
00222210
01212100
11222100
01222100
00112000
00000000

Valid moves for 1:
0, 3
0, 5
1, 1
1, 5
5, 1
6, 0

Player 1: 1, 5

After move by Player 1
22222222
02212210
00222210
01212100
11222100
01222100
00111100
00000000


Round: 39
22222222
02212210
00222210
01212100
11222100
01222100
00111100
00000000

Valid moves for 2:
0, 1
0, 2
0, 3
0, 4
0, 5
0, 6
1, 0
1, 6
2, 0
2, 6
3, 6
4, 0
4, 6
4, 7
5, 0
5, 7
6, 7

Player 2: 6, 7

After move by Player 2
22222222
02212222
00222220
01212200
11222100
01222100
00111100
00000000


Round: 40
22222222
02212222
00222220
01212200
11222100
01222100
00111100
00000000

Valid moves for 1:
3, 6
4, 6
5, 1
6, 0

Player 1: 5, 1

After move by Player 1
22222222
02212222
01222220
01112200
11212100
01221100
00111100
00000000


Round: 41
22222222
02212222
01222220
01112200
11212100
01221100
00111100
00000000

Valid moves for 2:
0, 1
0, 2
0, 3
0, 4
0, 5
1, 0
1, 1
1, 6
2, 0
2, 6
3, 6
4, 0
5, 0


Black: 16
White: 0

