
Round: 0
00000000
00000000
00000000
00000000
00000000
00000000
00000000
00000000

Valid moves for 1:
3, 3
3, 4
4, 3
4, 4

Player 1: 3, 3

After move by Player 1
00000000
00000000
00000000
00000000
00010000
00000000
00000000
00000000


Round: 1
00000000
00000000
00000000
00000000
00010000
00000000
00000000
00000000

Valid moves for 2:
3, 4
4, 3
4, 4

Player 2: 4, 3

After move by Player 2
00000000
00000000
00000000
00020000
00010000
00000000
00000000
00000000


Round: 2
00000000
00000000
00000000
00020000
00010000
00000000
00000000
00000000

Valid moves for 1:
3, 4
4, 4

Player 1: 4, 4

After move by Player 1
00000000
00000000
00000000
00021000
00010000
00000000
00000000
00000000


Round: 3
00000000
00000000
00000000
00021000
00010000
00000000
00000000
00000000

Valid moves for 2:
3, 4

Player 2: 3, 4

After move by Player 2
00000000
00000000
00000000
00021000
00012000
00000000
00000000
00000000


Round: 4
00000000
00000000
00000000
00021000
00012000
00000000
00000000
00000000

Valid moves for 1:
2, 4
3, 5
4, 2
5, 3

Player 1: 2, 4

After move by Player 1
00000000
00000000
00000000
00021000
00011000
00001000
00000000
00000000


Round: 5
00000000
00000000
00000000
00021000
00011000
00001000
00000000
00000000

Valid moves for 2:
2, 3
2, 5
4, 5

Player 2: 4, 5

After move by Player 2
00000000
00000000
00000000
00022200
00011000
00001000
00000000
00000000


Round: 6
00000000
00000000
00000000
00022200
00011000
00001000
00000000
00000000

Valid moves for 1:
5, 2
5, 3
5, 4
5, 5
5, 6

Player 1: 5, 2

After move by Player 1
00000000
00000000
00100000
00012200
00011000
00001000
00000000
00000000


Round: 7
00000000
00000000
00100000
00012200
00011000
00001000
00000000
00000000

Valid moves for 2:
1, 4
2, 2
2, 3
4, 2

Player 2: 2, 2

After move by Player 2
00000000
00000000
00100000
00012200
00021000
00201000
00000000
00000000


Round: 8
00000000
00000000
00100000
00012200
00021000
00201000
00000000
00000000

Valid moves for 1:
2, 3
3, 2
4, 2
4, 6
5, 4
5, 6

Player 1: 3, 2

After move by Player 1
00000000
00000000
00100000
00012200
00111000
00201000
00000000
00000000


Round: 9
00000000
00000000
00100000
00012200
00111000
00201000
00000000
00000000

Valid moves for 2:
1, 4
2, 3
4, 2

Player 2: 1, 4

After move by Player 2
00000000
00000000
00100000
00012200
00112000
00202000
00002000
00000000


Round: 10
00000000
00000000
00100000
00012200
00112000
00202000
00002000
00000000

Valid moves for 1:
1, 1
1, 2
1, 5
2, 5
3, 5
4, 6
5, 5

Player 1: 1, 2

After move by Player 1
00000000
00000000
00100000
00012200
00112000
00102000
00102000
00000000


Round: 11
00000000
00000000
00100000
00012200
00112000
00102000
00102000
00000000

Valid moves for 2:
1, 1
3, 1
4, 2
6, 1

Player 2: 4, 2

After move by Player 2
00000000
00000000
00100000
00222200
00122000
00102000
00102000
00000000


Round: 12
00000000
00000000
00100000
00222200
00122000
00102000
00102000
00000000

Valid moves for 1:
2, 5
3, 5
5, 4
5, 5

Player 1: 3, 5

After move by Player 1
00000000
00000000
00100000
00222200
00111100
00102000
00102000
00000000


Round: 13
00000000
00000000
00100000
00222200
00111100
00102000
00102000
00000000

Valid moves for 2:
0, 2
1, 1
2, 1
2, 3
2, 5
2, 6
4, 6
6, 1
6, 2

Player 2: 0, 2

After move by Player 2
00000000
00000000
00100000
00222200
00211100
00202000
00202000
00200000


Round: 14
00000000
00000000
00100000
00222200
00211100
00202000
00202000
00200000

Valid moves for 1:
0, 4
1, 1
1, 3
1, 5
3, 1
5, 1
5, 3
5, 4
5, 5
5, 6

Player 1: 5, 1

After move by Player 1
00000000
00000000
01100000
00122200
00211100
00202000
00202000
00200000


Round: 15
00000000
00000000
01100000
00122200
00211100
00202000
00202000
00200000

Valid moves for 2:
2, 3
2, 5
2, 6
3, 6
4, 1
4, 6
6, 0
6, 1
6, 2

Player 2: 3, 6

After move by Player 2
00000000
00000000
01100000
00122200
00222220
00202000
00202000
00200000


Round: 16
00000000
00000000
01100000
00122200
00222220
00202000
00202000
00200000

Valid moves for 1:
1, 5
2, 5
4, 6

Player 1: 2, 5

After move by Player 1
00000000
00000000
01100000
00112200
00221220
00202100
00202000
00200000


Round: 17
00000000
00000000
01100000
00112200
00221220
00202100
00202000
00200000

Valid moves for 2:
1, 5
2, 3
2, 6
4, 1
5, 3
5, 4
6, 0
6, 2

Player 2: 5, 3

After move by Player 2
00000000
00000000
01120000
00122200
00221220
00202100
00202000
00200000


Round: 18
00000000
00000000
01120000
00122200
00221220
00202100
00202000
00200000

Valid moves for 1:
0, 3
0, 4
1, 5
2, 3
3, 1
3, 7
4, 6
4, 7
5, 4
5, 5
5, 6
6, 4

Player 1: 5, 4

After move by Player 1
00000000
00000000
01111000
00121200
00221220
00202100
00202000
00200000


Round: 19
00000000
00000000
01111000
00121200
00221220
00202100
00202000
00200000

Valid moves for 2:
1, 5
1, 6
2, 3
2, 6
4, 1
5, 5
6, 0
6, 1
6, 2
6, 3
6, 4
6, 5

Player 2: 6, 2

After move by Player 2
00000000
00200000
01221000
00222200
00221220
00202100
00202000
00200000


Round: 20
00000000
00200000
01221000
00222200
00221220
00202100
00202000
00200000

Valid moves for 1:
0, 3
0, 4
1, 5
2, 1
2, 3
2, 7
3, 1
3, 7
4, 7
5, 5
5, 6
6, 1
7, 3

Player 1: 2, 7

After move by Player 1
00000000
00200000
01221000
00222100
00221210
00202101
00202000
00200000


Round: 21
00000000
00200000
01221000
00222100
00221210
00202101
00202000
00200000

Valid moves for 2:
1, 5
1, 6
2, 6
3, 7
4, 0
4, 6
4, 7
5, 0
5, 5
6, 0
6, 4
6, 5

Player 2: 5, 0

After move by Player 2
00000000
00200000
22221000
00222100
00221210
00202101
00202000
00200000


Round: 22
00000000
00200000
22221000
00222100
00221210
00202101
00202000
00200000

Valid moves for 1:
0, 3
0, 4
2, 1
2, 3
3, 1
4, 1
6, 1

Player 1: 6, 1

After move by Player 1
00000000
01200000
22121000
00212100
00221210
00202101
00202000
00200000


Round: 23
00000000
01200000
22121000
00212100
00221210
00202101
00202000
00200000

Valid moves for 2:
1, 5
2, 6
3, 7
4, 6
4, 7
5, 5
6, 0
6, 4
6, 5
7, 1
7, 2

Player 2: 4, 7

After move by Player 2
00000000
01200000
22121000
00212102
00221220
00202201
00202000
00200000


Round: 24
00000000
01200000
22121000
00212102
00221220
00202201
00202000
00200000

Valid moves for 1:
0, 4
1, 5
1, 6
2, 1
2, 3
3, 1
3, 7
4, 1
6, 3
7, 2

Player 1: 0, 4

After move by Player 1
00000000
01200000
22121000
00212102
00221220
00201201
00201000
00201000


Round: 25
00000000
01200000
22121000
00212102
00221220
00201201
00201000
00201000

Valid moves for 2:
0, 3
1, 3
1, 5
2, 3
4, 6
5, 5
6, 0
6, 3
6, 4
6, 5
7, 0
7, 1
7, 2

Player 2: 7, 0

After move by Player 2
20000000
02200000
22221000
00222102
00222220
00201201
00201000
00201000


Round: 26
20000000
02200000
22221000
00222102
00222220
00201201
00201000
00201000

Valid moves for 1:
1, 5
2, 1
2, 3
2, 6
4, 1
4, 6
6, 0

Player 1: 2, 6

After move by Player 1
20000000
02200000
22221000
00222102
00222220
00201111
00201000
00201000


Round: 27
20000000
02200000
22221000
00222102
00222220
00201111
00201000
00201000

Valid moves for 2:
0, 3
1, 3
1, 5
1, 6
1, 7
4, 6
5, 5
5, 6
6, 3
6, 4
6, 5

Player 2: 5, 5

After move by Player 2
20000000
02200000
22222200
00222202
00222220
00201111
00201000
00201000


Round: 28
20000000
02200000
22222200
00222202
00222220
00201111
00201000
00201000

Valid moves for 1:
4, 6
6, 0
6, 3
6, 4
6, 5
7, 1

Player 1: 6, 3

After move by Player 1
20000000
02210000
22221200
00222102
00222210
00201111
00201000
00201000


Round: 29
20000000
02210000
22221200
00222102
00222210
00201111
00201000
00201000

Valid moves for 2:
0, 3
1, 3
1, 5
1, 6
1, 7
3, 7
4, 6
5, 6
6, 4
6, 5
7, 3
7, 4

Player 2: 3, 7

After move by Player 2
20000000
02210000
22221200
00222102
00222222
00201111
00201000
00201000


Round: 30
20000000
02210000
22221200
00222102
00222222
00201111
00201000
00201000

Valid moves for 1:
2, 1
2, 3
4, 1
4, 6
5, 6
5, 7
6, 0
6, 5
7, 1

Player 1: 6, 5

After move by Player 1
20000000
02210100
22221100
00222102
00222222
00201111
00201000
00201000


Round: 31
20000000
02210100
22221100
00222102
00222222
00201111
00201000
00201000

Valid moves for 2:
0, 3
1, 3
1, 5
1, 6
1, 7
4, 6
5, 6
6, 4
6, 6
7, 2
7, 3
7, 4
7, 5
7, 6

Player 2: 7, 2

After move by Player 2
20200000
02220100
22222100
00222202
00222222
00201111
00201000
00201000


Round: 32
20200000
02220100
22222100
00222202
00222222
00201111
00201000
00201000

Valid moves for 1:
1, 1
2, 1
4, 6
5, 7
6, 0
6, 4
7, 1

Player 1: 1, 1

After move by Player 1
20200000
02220100
22222100
00221202
00212222
00101111
01201000
00201000


Round: 33
20200000
02220100
22222100
00221202
00212222
00101111
01201000
00201000

Valid moves for 2:
0, 3
1, 0
1, 3
1, 5
1, 6
1, 7
2, 0
2, 3
5, 6
7, 5
7, 6

Player 2: 1, 5

After move by Player 2
20200000
02220100
22222100
00221202
00222222
00102221
01201200
00201000


Round: 34
20200000
02220100
22222100
00221202
00222222
00102221
01201200
00201000

Valid moves for 1:
0, 5
1, 3
1, 6
1, 7
2, 1
2, 3
4, 1
4, 6
5, 7
6, 4
7, 1

Player 1: 0, 5

After move by Player 1
20200000
02220100
22222100
00221102
00222122
00102121
01201100
00201100


Round: 35
20200000
02220100
22222100
00221102
00222122
00102121
01201100
00201100

Valid moves for 2:
0, 0
0, 3
0, 6
1, 0
1, 6
1, 7
2, 0
4, 6
5, 6
6, 6
7, 6

Player 2: 0, 0

After move by Player 2
20200000
02220100
22222100
00221102
00222122
00202121
02201100
20201100


Round: 36
20200000
02220100
22222100
00221102
00222122
00202121
02201100
20201100

Valid moves for 1:
1, 3
1, 7
2, 1
2, 3
3, 1
4, 1
5, 7
6, 0
6, 4
7, 1

Player 1: 5, 7

After move by Player 1
20200000
02220100
22222101
00221101
00222121
00202121
02201100
20201100


Round: 37
20200000
02220100
22222101
00221101
00222121
00202121
02201100
20201100

Valid moves for 2:
0, 3
0, 6
1, 6
4, 6
5, 6
6, 6
7, 6

Player 2: 4, 6

After move by Player 2
20200000
02220100
22222101
00222221
00222221
00202121
02201100
20201100


Round: 38
20200000
02220100
22222101
00222221
00222221
00202121
02201100
20201100

Valid moves for 1:
1, 3
2, 1
2, 3
3, 1
4, 1
6, 0
6, 4

Player 1: 3, 1

After move by Player 1
20200000
02220100
22222101
00222221
01111111
00202121
02201100
20201100


Round: 39
20200000
02220100
22222101
00222221
01111111
00202121
02201100
20201100

Valid moves for 2:
0, 6
1, 6
2, 0
2, 1
2, 3
4, 0
5, 6
6, 4
6, 6
7, 5
7, 6

Player 2: 7, 5

After move by Player 2
20200200
02220200
22222201
00222221
01111111
00202121
02201100
20201100


Round: 40
20200200
02220200
22222201
00222221
01111111
00202121
02201100
20201100

Valid moves for 1:
1, 3
1, 6
1, 7
2, 3
4, 1
5, 6
6, 0
6, 4
6, 6
7, 1
7, 3
7, 6

Player 1: 5, 6

After move by Player 1
20200200
02220200
22222211
00222111
01111111
00202121
02201100
20201100


Round: 41
20200200
02220200
22222211
00222111
01111111
00202121
02201100
20201100

Valid moves for 2:
0, 6
1, 6
2, 0
2, 1
2, 3
4, 0
6, 6

Player 2: 2, 0

After move by Player 2
20200200
02220200
22222211
00222111
02111111
20202121
02201100
20201100


Round: 42
20200200
02220200
22222211
00222111
02111111
20202121
02201100
20201100

Valid moves for 1:
1, 3
1, 6
1, 7
2, 3
3, 0
4, 1
6, 0
6, 4
6, 6
7, 1
7, 3
7, 4
7, 6

Player 1: 7, 4

After move by Player 1
20201200
02220100
22222211
00222111
02111111
20202121
02201100
20201100


Round: 43
20201200
02220100
22222211
00222111
02111111
20202121
02201100
20201100

Valid moves for 2:
0, 6
1, 6
2, 1
2, 3
6, 6
7, 3
7, 6

Player 2: 7, 3

After move by Player 2
20222200
02220100
22222211
00222111
02111111
20202121
02201100
20201100


Round: 44
20222200
02220100
22222211
00222111
02111111
20202121
02201100
20201100

Valid moves for 1:
1, 3
1, 6
1, 7
2, 3
3, 0
4, 1
6, 0
6, 4
6, 6
7, 1

Player 1: 6, 0

After move by Player 1
20222200
12220100
21222211
00122111
02111111
20202121
02201100
20201100


Round: 45
20222200
12220100
21222211
00122111
02111111
20202121
02201100
20201100

Valid moves for 2:
0, 6
1, 6
2, 1
2, 3
4, 0
4, 1
6, 6
7, 6

Player 2: 2, 1

After move by Player 2
20222200
12220100
21222211
00122111
02211111
22202121
02201100
20201100


Round: 46
20222200
12220100
21222211
00122111
02211111
22202121
02201100
20201100

Valid moves for 1:
1, 0
1, 3
1, 6
1, 7
2, 3
3, 0
4, 0
6, 4
6, 6
7, 1

Player 1: 7, 1

After move by Player 1
21222200
11120100
21212211
00121111
02211111
22202121
02201100
20201100


Round: 47
21222200
11120100
21212211
00121111
02211111
22202121
02201100
20201100

Valid moves for 2:
0, 6
1, 6
2, 3
4, 0
4, 1
6, 4
6, 6
7, 6

Player 2: 6, 4

After move by Player 2
21222200
11122100
21222211
00221111
02211111
22202121
02201100
20201100


Round: 48
21222200
11122100
21222211
00221111
02211111
22202121
02201100
20201100

Valid moves for 1:
1, 0
1, 3
1, 6
1, 7
2, 3
3, 0
4, 0
4, 1
6, 6
7, 6

Player 1: 1, 0

After move by Player 1
21222200
11122100
21221211
00211111
02111111
21202121
12201100
20201100


Round: 49
21222200
11122100
21221211
00211111
02111111
21202121
12201100
20201100

Valid moves for 2:
0, 6
1, 6
2, 3
3, 0
4, 0
6, 6

Player 2: 2, 3

After move by Player 2
21222200
11122100
21221211
00221111
02121111
21222121
12201100
20201100


Round: 50
21222200
11122100
21221211
00221111
02121111
21222121
12201100
20201100

Valid moves for 1:
0, 1
0, 3
1, 3
1, 6
1, 7
3, 0
4, 0
4, 1
6, 6
7, 6

Player 1: 0, 1

After move by Player 1
21222200
11122100
21221211
00221111
02121111
21212121
11101100
21201100


Round: 51
21222200
11122100
21221211
00221111
02121111
21212121
11101100
21201100

Valid moves for 2:
0, 6
1, 3
1, 6
4, 0
6, 6
7, 6

Player 2: 6, 6

After move by Player 2
21222200
11122220
21221221
00221121
02121121
21212121
11101100
21201100


Round: 52
21222200
11122220
21221221
00221121
02121121
21212121
11101100
21201100

Valid moves for 1:
0, 3
1, 3
1, 7
3, 0
4, 0
4, 1
6, 7
7, 6
7, 7

Player 1: 7, 7

After move by Player 1
21222201
11122210
21221121
00221121
02121121
21212121
11101100
21201100


Round: 53
21222201
11122210
21221121
00221121
02121121
21212121
11101100
21201100

Valid moves for 2:
0, 3
0, 6
1, 3
1, 6
4, 0
6, 7
7, 6

Player 2: 6, 7

After move by Player 2
21222201
11122222
21221121
00221121
02121121
21212121
11101100
21201100


Round: 54
21222201
11122222
21221121
00221121
02121121
21212121
11101100
21201100

Valid moves for 1:
0, 3
1, 3
1, 7
3, 0
4, 0
4, 1
7, 6

Player 1: 7, 6

After move by Player 1
21111111
11122122
21221121
00221121
02121121
21212121
11101100
21201100


Round: 55
21111111
11122122
21221121
00221121
02121121
21212121
11101100
21201100

Valid moves for 2:
0, 3
0, 6
1, 3
1, 6
1, 7

Player 2: 0, 3

After move by Player 2
21111111
11122122
21221121
00221121
02121121
21212221
11102100
21221100


Round: 56
21111111
11122122
21221121
00221121
02121121
21212221
11102100
21221100

Valid moves for 1:
1, 3
1, 6
1, 7
3, 0
4, 0
4, 1

Player 1: 1, 3

After move by Player 1
21111111
11122122
21221121
00221121
02121121
21211221
11111100
21221100


Round: 57
21111111
11122122
21221121
00221121
02121121
21211221
11111100
21221100

Valid moves for 2:
0, 6
1, 7
3, 0

Player 2: 0, 6

After move by Player 2
21111111
11122122
21221121
00221121
02121121
21212221
11111200
21222220


Round: 58
21111111
11122122
21221121
00221121
02121121
21212221
11111200
21222220

Valid moves for 1:
0, 7
1, 6
1, 7
3, 0
4, 0
4, 1

Player 1: 0, 7

After move by Player 1
21111111
11122122
21221121
00221121
02121121
21212221
11111200
21111111


Round: 59
21111111
11122122
21221121
00221121
02121121
21212221
11111200
21111111

Valid moves for 2:
1, 7

Player 2: 1, 7

After move by Player 2
21111111
11122122
21221122
00221122
02121122
21212222
11111202
21111111


Round: 60
21111111
11122122
21221122
00221122
02121122
21212222
11111202
21111111

Valid moves for 1:
1, 6
3, 0
4, 0
4, 1

Player 1: 1, 6

After move by Player 1
21111111
11122112
21221112
00221112
02121112
21212112
11111112
21111111


Round: 61
21111111
11122112
21221112
00221112
02121112
21212112
11111112
21111111

Valid moves for 2:

Player 2 can't move

Round: 61
21111111
11122112
21221112
00221112
02121112
21212112
11111112
21111111

Valid moves for 1:
3, 0
4, 0
4, 1

Player 1: 4, 1

After move by Player 1
21111111
11112112
21121112
01111112
01121112
21212112
11111112
21111111


Round: 62
21111111
11112112
21121112
01111112
01121112
21212112
11111112
21111111

Valid moves for 2:
3, 0
4, 0

Player 2: 4, 0

After move by Player 2
21111111
11112112
21121112
22222222
02121112
21212112
11111112
21111111


Round: 63
21111111
11112112
21121112
22222222
02121112
21212112
11111112
21111111

Valid moves for 1:
3, 0

Player 1: 3, 0

After move by Player 1
21111111
11112112
11121112
11222222
11121112
11212112
11111112
21111111


Round: 64
21111111
11112112
11121112
11222222
11121112
11212112
11111112
21111111

Valid moves for 2:

Player 2 can't move

Round: 64
21111111
11112112
11121112
11222222
11121112
11212112
11111112
21111111

Valid moves for 1:

Player 1 can't move

Black: 46
White: 18

